0.19
0.5433333333333332
0.6541666666666666
0.5
0.35
0.0625
0.10666666666666666
0.0
0.6984126984126983
0.0625
0.028571428571428574
0.18
0.0
0.5
0.7
0.08333333333333333
0.07142857142857142
0.3333333333333333
0.0
0.2685185185185185
0.0
0.0
0.04722222222222222
0.3333333333333333
0.6507936507936507
0.13888888888888887
0.0
0.0
0.14166666666666666
0.11904761904761904
0.0
0.023809523809523808
0.5317460317460317
0.20555555555555557
0.0
0.25
0.05555555555555555
0.01111111111111111
0.12857142857142856
0.07222222222222222
0.7666666666666666
0.1638095238095238
0.48333333333333334
0.0
0.155
0.5380952380952382
0.15083333333333332
0.1433333333333333
0.0
0.0
0.16666666666666666
0.027777777777777776
0.15857142857142856
0.05555555555555555
0.11499999999999999
0.05
0.01
0.15873015873015872
0.03571428571428571
0.4666666666666667
0.45999999999999996
0.0
0.0
0.5
0.0
0.0
0.0365079365079365
0.1
0.06666666666666667
0.1
0.03125
0.0
0.2861111111111111
0.020833333333333332
0.03333333333333333
0.028571428571428574
0.28888888888888886
0.6666666666666666
0.0
0.0
0.25
0.09
0.0625
0.3
0.05
0.41666666666666663
0.0
0.594047619047619
0.075
0.19
0.0873015873015873
0.4726984126984126
0.5
0.4
0.5
0.4463095238095239
0.15416666666666665
0.0
0.19642857142857142
0.2185185185185185
0.6180555555555555
0.08333333333333333
0.05555555555555555
0.1
0.35333333333333333
0.24666666666666667
0.10476190476190476
0.6261904761904761
0.0
0.0
0.07619047619047618
0.3611111111111111
0.10416666666666666
0.0
0.0
0.03333333333333333
0.0
0.041666666666666664
0.5
0.17724867724867724
0.4768707482993197
0.05925925925925926
0.0
0.0
0.02
0.20833333333333331
0.025
0.0
0.4773809523809524
0.3933333333333333
0.09375
0.6592063492063491
0.12976190476190477
0.5
0.38690476190476186
0.03333333333333333
0.1875
0.25
0.0
0.10833333333333334
0.05555555555555555
0.0
0.6111111111111112
0.14722222222222223
0.07142857142857142
0.41666666666666663
0.14666666666666667
0.125
0.18285714285714286
1.0
0.0
0.0
0.19999999999999998
1.0
0.06481481481481481
0.6365476190476189
0.43809523809523804
0.175
0.015625
0.2
0.43333333333333335
0.020833333333333332
0.21666666666666667
0.40208333333333335
0.16666666666666666
0.0
0.325
0.08333333333333333
0.125
0.4611111111111111
0.4888888888888889
0.5416666666666666
0.8333333333333333
0.03333333333333333
0.02222222222222222
0.0
0.475
0.49166666666666664
0.125
0.34523809523809523
0.2
0.7
0.5308730158730158
0.06938775510204082
0.6388888888888888
0.016666666666666666
0.16666666666666666
0.09
0.015873015873015872
0.1
0.014285714285714285
0.5
0.6481481481481481
0.08888888888888889
0.1111111111111111
0.03333333333333333
0.6666666666666666
0.3125
0.05208333333333333
0.24074074074074073
0.3
0.26
0.07222222222222222
0.0
0.75
0.3333333333333333
0.15
0.6829365079365081
0.02
0.27777777777777773
0.0125
0.36666666666666664
0.5583333333333333
0.08333333333333333
0.0
0.0
0.05833333333333333
0.0
0.014285714285714285
0.05333333333333333
0.24333333333333332
0.5148148148148147
0.44375
0.0
0.13333333333333333
